0 0.18269230769230768 0.43149038461538464 0.23677884615384615 0.15264423076923078
0 0.3894230769230769 0.43509615384615385 0.3293269230769231 0.15504807692307693
0 0.5240384615384616 0.4951923076923077 0.3173076923076923 0.2127403846153846
0 0.3389423076923077 0.25721153846153844 0.23197115384615385 0.15865384615384615
0 0.49759615384615385 0.2536057692307692 0.2764423076923077 0.16826923076923078
0 0.5576923076923077 0.22355769230769232 0.1778846153846154 0.18870192307692307
0 0.8617788461538461 0.09735576923076923 0.27403846153846156 0.1935096153846154
0 0.8497596153846154 0.2536057692307692 0.23918269230769232 0.1658653846153846
0 0.8004807692307693 0.4014423076923077 0.28966346153846156 0.22355769230769232
0 0.3786057692307692 0.7175480769230769 0.3918269230769231 0.28846153846153844
0 0.78125 0.7548076923076923 0.4254807692307692 0.21153846153846154
0 0.6658653846153846 0.6225961538461539 0.24158653846153846 0.19471153846153846
0 0.8834134615384616 0.5925480769230769 0.21875 0.13581730769230768